// レベル別ステータス（ちから、すばやさ、HP、MP）
    [4, 4, 15, 0],
    [5, 4, 22, 0],
    [7, 6, 24, 5],
    [7, 8, 31, 16],
    [12, 10, 35, 20],
    [16, 10, 38, 24],
    [18, 17, 40, 26],
    [22, 20, 46, 29],
    [30, 22, 50, 36],
    [35, 31, 54, 40],
    [40, 35, 62, 50],
    [48, 40, 63, 58],
    [52, 48, 70, 64],
    [60, 55, 78, 70],
    [68, 64, 86, 72],
    [72, 70, 92, 95],
    [72, 78, 100, 100],
    [85, 84, 115, 108],
    [87, 86, 130, 115],
    [92, 88, 138, 128],
    [95, 90, 149, 135],
    [97, 90, 158, 146],
    [99, 94, 165, 153],
    [103, 98, 170, 161],
    [113, 100, 174, 161],
    [117, 105, 180, 168],
    [125, 107, 189, 175],
    [130, 115, 195, 180],
    [135, 120, 200, 190],
    [140, 130, 210, 200],